0 0
0 1
1 1
2 1
2 2
2 3
3 3
4 3
5 3
6 3
7 3
8 3
9 3
9 4
9 5
10 5
11 5
12 5
12 6
13 6
14 6
14 7
14 8
15 8
16 8
17 8
18 8
18 9
18 10
19 10
20 10
21 10
22 10
23 10
24 10
25 10
25 11
26 11
27 11
28 11
28 12
29 12
30 12
31 12
32 12
33 12
34 12
35 12
36 12
37 12
38 12
39 12
40 12
41 12
42 12
42 13
43 13
44 13
45 13
45 14
46 14
47 14
47 13
48 13
49 13
49 14
49 15
50 15
51 15
51 14
52 14
53 14
54 14
54 15
54 16
54 17
54 18
55 18
56 18
56 17
57 17
58 17
59 17
60 17
61 17
62 17
63 17
64 17
64 18
64 19
65 19
66 19
67 19
68 19
69 19
70 19
71 19
71 20
72 20
72 21
72 22
72 23
72 24
73 24
74 24
75 24
75 23
76 23
77 23
77 24
77 25
78 25
78 26
79 26
80 26
80 27
81 27
81 28
81 29
81 30
82 30
83 30
83 31
84 31
85 31
86 31
86 30
87 30
88 30
89 30
89 31
90 31
91 31
91 30
92 30
93 30
94 30
95 30
95 29
96 29
96 28
97 28
98 28
98 27
99 27
99 26
100 26
101 26
102 26
102 25
103 25
104 25
105 25
105 26
106 26
107 26
108 26
109 26
110 26
110 25
111 25
112 25
113 25
113 26
114 26
115 26
115 27
116 27
117 27
118 27
119 27
120 27
121 27
122 27
123 27
123 28
123 29
124 29
125 29
126 29
127 29
128 29
128 30
129 30
129 31
129 32
129 33
130 33
131 33
131 32
132 32
132 31
133 31
134 31
134 32
135 32
136 32
137 32
138 32
139 32
139 33
140 33
141 33
141 34
141 35
141 36
142 36
142 37
143 37
144 37
145 37
146 37
147 37
148 37
149 37
150 37
151 37
152 37
152 38
152 39
153 39
154 39
155 39
156 39
156 40
157 40
158 40
159 40
160 40
161 40
161 39
162 39
163 39
164 39
165 39
166 39
167 39
168 39
168 38
169 38
170 38
170 39
170 40
171 40
172 40
172 41
172 42
173 42
173 43
174 43
175 43
176 43
176 42
177 42
178 42
179 42
179 43
179 44
180 44
180 45
181 45
181 46
182 46
183 46
184 46
185 46
186 46
186 47
186 48
186 49
186 50
185 50
185 51
185 52
185 53
185 54
185 55
186 55
187 55
188 55
188 54
189 54
190 54
191 54
192 54
193 54
194 54
194 55
194 56
195 56
196 56
197 56
198 56
199 56
200 56
201 56
202 56
203 56
204 56
205 56
206 56
207 56
208 56
209 56
210 56
211 56
212 56
212 57
213 57
214 57
215 57
215 58
215 59
216 59
216 60
216 61
216 62
216 63
216 64
216 65
216 66
216 67
216 68
217 68
218 68
218 69
219 69
220 69
221 69
222 69
223 69
223 70
223 71
224 71
225 71
225 72
226 72
227 72
228 72
228 73
228 74
229 74
230 74
230 75
231 75
232 75
233 75
233 76
233 77
234 77
235 77
235 78
236 78
237 78
238 78
239 78
240 78
240 79
241 79
241 80
242 80
243 80
244 80
245 80
245 81
245 82
244 82
244 83
244 84
243 84
242 84
242 85
242 86
242 87
242 88
242 89
242 90
241 90
240 90
239 90
238 90
238 89
237 89
236 89
235 89
234 89
234 88
233 88
232 88
232 87
232 86
231 86
230 86
229 86
228 86
227 86
227 87
226 87
225 87
225 88
224 88
223 88
223 87
223 86
222 86
221 86
221 87
220 87
219 87
218 87
218 88
217 88
216 88
215 88
214 88
214 89
213 89
213 90
212 90
212 91
211 91
210 91
210 90
210 89
209 89
208 89
208 90
207 90
206 90
205 90
204 90
204 91
204 92
205 92
205 93
206 93
206 94
206 95
206 96
206 97
206 98
206 99
206 100
207 100
208 100
208 99
209 99
210 99
211 99
212 99
212 100
213 100
214 100
215 100
216 100
217 100
217 101
217 102
218 102
218 103
219 103
219 104
220 104
220 105
220 106
221 106
221 107
221 108
222 108
222 109
223 109
224 109
225 109
225 110
225 111
225 112
225 113
225 114
226 114
227 114
228 114
228 115
228 116
229 116
230 116
230 117
231 117
231 118
232 118
233 118
234 118
235 118
236 118
237 118
237 119
237 120
238 120
238 121
239 121
239 122
239 123
240 123
241 123
242 123
243 123
244 123
245 123
246 123
247 123
248 123
248 124
249 124
250 124
251 124
252 124
253 124
253 125
254 125
255 125
256 125
257 125
257 126
257 127
257 128
257 129
257 130
257 131
258 131
258 132
259 132
259 133
259 134
259 135
259 136
259 137
259 138
260 138
261 138
261 139
261 140
260 140
260 141
260 142
261 142
262 142
263 142
263 143
263 144
263 145
263 146
263 147
263 148
263 149
264 149
265 149
265 150
265 151
265 152
265 153
264 153
263 153
262 153
261 153
260 153
259 153
259 152
258 152
258 151
257 151
256 151
256 150
256 149
256 148
256 147
256 146
255 146
254 146
254 145
254 144
254 143
254 142
253 142
252 142
251 142
251 143
250 143
249 143
248 143
247 143
246 143
246 142
246 141
246 140
246 139
246 138
246 137
245 137
244 137
244 136
243 136
242 136
241 136
240 136
239 136
238 136
237 136
236 136
235 136
235 137
234 137
233 137
233 138
232 138
231 138
230 138
229 138
228 138
227 138
226 138
226 139
226 140
227 140
227 141
228 141
229 141
229 142
229 143
230 143
230 144
230 145
230 146
230 147
231 147
232 147
232 148
232 149
232 150
233 150
233 151
234 151
234 152
235 152
235 153
236 153
237 153
238 153
239 153
240 153
241 153
242 153
243 153
243 152
244 152
245 152
245 153
246 153
247 153
247 154
247 155
247 156
248 156
249 156
250 156
251 156
252 156
253 156
253 157
253 158
254 158
254 159
255 159
256 159
257 159
258 159
258 160
259 160
259 161
260 161
261 161
261 162
261 163
261 164
261 165
260 165
260 166
260 167
260 168
261 168
262 168
262 169
262 170
263 170
264 170
264 171
265 171
265 172
265 173
265 174
266 174
267 174
268 174
269 174
270 174
271 174
272 174
272 175
272 176
272 177
273 177
274 177
275 177
276 177
277 177
277 178
277 179
277 180
277 181
277 182
277 183
277 184
277 185
277 186
277 187
277 188
276 188
275 188
275 189
275 190
275 191
275 192
275 193
276 193
277 193
277 194
277 195
277 196
277 197
277 198
277 199
277 200
278 200
279 200
280 200
281 200
282 200
283 200
284 200
285 200
286 200
286 201
286 202
285 202
285 203
284 203
284 204
284 205
285 205
285 206
286 206
287 206
287 207
287 208
287 209
287 210
287 211
287 212
287 213
287 214
286 214
285 214
284 214
283 214
282 214
281 214
281 213
280 213
279 213
279 214
278 214
277 214
276 214
275 214
275 213
274 213
273 213
272 213
272 214
271 214
270 214
269 214
268 214
268 215
267 215
266 215
265 215
264 215
263 215
262 215
261 215
261 216
261 217
260 217
259 217
258 217
257 217
256 217
255 217
254 217
254 216
254 215
254 214
253 214
252 214
251 214
250 214
249 214
249 213
249 212
248 212
247 212
246 212
245 212
244 212
243 212
243 213
242 213
241 213
240 213
239 213
239 214
238 214
237 214
236 214
236 213
236 212
235 212
234 212
233 212
232 212
232 213
232 214
233 214
233 215
234 215
234 216
234 217
234 218
234 219
233 219
233 220
233 221
233 222
234 222
234 223
235 223
236 223
237 223
238 223
239 223
240 223
241 223
242 223
242 224
242 225
242 226
242 227
242 228
243 228
244 228
245 228
246 228
247 228
248 228
248 229
248 230
247 230
246 230
245 230
244 230
243 230
242 230
241 230
240 230
239 230
238 230
237 230
236 230
235 230
235 231
235 232
235 233
235 234
235 235
236 235
237 235
237 236
237 237
238 237
238 238
238 239
239 239
240 239
240 240
241 240
241 241
241 242
241 243
241 244
242 244
243 244
243 245
243 246
244 246
245 246
246 246
247 246
248 246
249 246
250 246
250 247
250 248
251 248
252 248
252 249
253 249
254 249
255 249
255 250
255 251
255 252
255 253
256 253
257 253
257 254
258 254
259 254
259 255
259 256
259 257
260 257
260 258
260 259
260 260
260 261
260 262
260 263
260 264
260 265
261 265
261 266
261 267
261 268
262 268
262 269
263 269
263 270
264 270
264 271
264 272
265 272
265 273
266 273
266 274
266 275
267 275
268 275
269 275
270 275
271 275
272 275
273 275
274 275
274 276
275 276
275 277
275 278
276 278
277 278
278 278
279 278
279 279
279 280
279 281
280 281
281 281
281 282
282 282
282 283
283 283
284 283
284 284
284 285
284 286
284 287
285 287
286 287
286 288
286 289
286 290
287 290
288 290
288 291
289 291
290 291
290 292
290 293
291 293
291 294
291 295
292 295
293 295
293 294
294 294
295 294
296 294
297 294
297 295
297 296
298 296
298 297
299 297
300 297
301 297
301 298
301 299
302 299
302 300
302 301
301 301
301 302
301 303
302 303
303 303
304 303
305 303
306 303
307 303
308 303
309 303
309 304
309 305
310 305
310 306
311 306
312 306
312 307
313 307
314 307
315 307
316 307
316 306
317 306
318 306
319 306
319 307
319 308
319 309
320 309
321 309
321 310
322 310
323 310
324 310
324 311
324 312
325 312
325 313
325 314
325 315
325 316
326 316
327 316
327 317
327 318
327 319
328 319
329 319
329 320
330 320
330 321
330 322
330 323
330 324
331 324
331 325
332 325
332 326
332 327
332 328
332 329
332 330
333 330
334 330
335 330
336 330
337 330
337 331
337 332
338 332
339 332
339 333
340 333
340 334
340 335
341 335
341 336
341 337
341 338
341 339
342 339
343 339
343 340
343 341
343 342
343 343
343 344
344 344
345 344
346 344
347 344
348 344
348 345
348 346
349 346
349 347
350 347
351 347
351 348
352 348
352 349
352 350
352 351
352 352
352 353
352 354
353 354
354 354
354 355
354 356
353 356
353 357
352 357
352 358
352 359
353 359
354 359
354 360
354 361
354 362
355 362
356 362
356 363
356 364
356 365
356 366
357 366
357 367
357 368
357 369
357 370
357 371
358 371
359 371
360 371
361 371
361 372
362 372
363 372
364 372
364 373
364 374
365 374
366 374
367 374
368 374
369 374
370 374
371 374
372 374
373 374
374 374
375 374
375 375
375 376
375 377
375 378
375 379
375 380
374 380
374 381
374 382
374 383
374 384
375 384
375 385
375 386
375 387
375 388
375 389
376 389
377 389
378 389
378 390
378 391
378 392
378 393
379 393
380 393
380 392
381 392
382 392
382 393
383 393
383 394
383 395
383 396
384 396
385 396
385 397
385 398
385 399
386 399
387 399
388 399
389 399
389 400
389 401
389 402
389 403
390 403
391 403
391 404
392 404
392 405
392 406
393 406
393 407
393 408
394 408
394 409
394 410
394 411
394 412
394 413
395 413
396 413
396 414
397 414
397 415
397 416
397 417
398 417
399 417
399 418
399 419
400 419
401 419
402 419
403 419
404 419
404 418
405 418
406 418
407 418
407 417
408 417
409 417
410 417
411 417
412 417
413 417
413 418
413 419
412 419
412 420
411 420
411 421
411 422
411 423
411 424
412 424
412 425
412 426
412 427
413 427
413 428
414 428
415 428
416 428
416 429
417 429
418 429
419 429
420 429
420 430
420 431
421 431
422 431
422 432
423 432
424 432
425 432
425 433
426 433
426 434
426 435
426 436
427 436
427 437
427 438
427 439
427 440
427 441
428 441
428 442
428 443
428 444
428 445
429 445
430 445
430 446
430 447
431 447
431 448
432 448
433 448
434 448
435 448
436 448
436 449
437 449
438 449
439 449
440 449
441 449
442 449
442 450
443 450
443 451
444 451
445 451
446 451
447 451
447 452
448 452
449 452
450 452
451 452
452 452
452 453
452 454
452 455
452 456
453 456
453 457
453 458
453 459
453 460
454 460
454 461
455 461
456 461
457 461
458 461
459 461
460 461
461 461
462 461
462 462
462 463
463 463
464 463
464 464
465 464
466 464
466 465
466 466
466 467
466 468
467 468
467 469
467 470
467 471
467 472
468 472
469 472
469 473
470 473
470 474
471 474
472 474
472 475
472 476
472 477
473 477
474 477
474 478
475 478
476 478
476 479
477 479
478 479
479 479
480 479
481 479
481 480
481 481
481 482
482 482
483 482
483 483
484 483
485 483
486 483
487 483
488 483
489 483
489 484
490 484
491 484
491 485
491 486
492 486
493 486
494 486
495 486
496 486
496 487
496 488
496 489
497 489
497 490
497 491
498 491
498 492
498 493
498 494
498 495
498 496
498 497
498 498
499 498
499 499