5 1
5 2
5 0
5 1
5 2
10 2
10 2
10 2
10 3
10 2
15 2
15 2
15 2
15 2
15 2
20 3
20 5
20 4
20 3
20 4
25 6
25 9
25 10
25 6
25 7
30 10
30 6
30 5
30 10
30 6
35 11
35 9
35 9
35 8
35 10
40 11
40 14
40 8
40 12
40 8
45 14
45 8
45 10
45 9
45 12
50 8
50 11
50 13
50 16
50 10
55 10
55 13
55 11
55 10
55 13
60 13
60 12
60 17
60 14
60 14
65 12
65 12
65 9
65 11
65 10
70 11
70 11
70 12
70 10
70 13
75 16
75 10
75 12
75 11
75 12
80 18
80 12
80 12
80 10
80 12
85 13
85 10
85 13
85 17
85 16
90 16
90 13
90 10
90 16
90 11
95 11
95 12
95 13
95 13
95 15
100 14
100 13
100 17
100 15
100 14
