5 1
5 1
5 2
5 1
5 0
10 2
10 3
10 4
10 3
10 3
15 5
15 5
15 3
15 4
15 3
20 4
20 9
20 8
20 7
20 5
25 8
25 5
25 8
25 7
25 7
30 8
30 9
30 7
30 9
30 12
35 10
35 12
35 8
35 9
35 10
40 10
40 11
40 11
40 8
40 12
45 9
45 10
45 8
45 9
45 11
50 10
50 10
50 8
50 11
50 9
55 8
55 9
55 10
55 9
55 9
60 8
60 9
60 9
60 13
60 7
65 9
65 8
65 11
65 9
65 8
70 10
70 13
70 9
70 8
70 10
75 9
75 11
75 14
75 10
75 7
80 9
80 10
80 8
80 7
80 11
85 11
85 11
85 10
85 9
85 8
90 9
90 14
90 10
90 10
90 8
95 9
95 10
95 10
95 9
95 9
100 8
100 9
100 9
100 9
100 14
