5 2
5 2
5 2
5 0
5 2
10 4
10 5
10 2
10 4
10 2
15 6
15 6
15 5
15 5
15 4
20 7
20 6
20 8
20 6
20 10
25 8
25 6
25 7
25 7
25 7
30 7
30 11
30 7
30 6
30 8
35 7
35 8
35 8
35 8
35 8
40 10
40 6
40 9
40 8
40 6
45 9
45 7
45 7
45 8
45 7
50 7
50 6
50 7
50 9
50 9
55 8
55 8
55 9
55 7
55 8
60 10
60 9
60 8
60 9
60 8
65 9
65 10
65 7
65 9
65 7
70 9
70 8
70 8
70 7
70 9
75 9
75 12
75 7
75 6
75 9
80 6
80 8
80 7
80 7
80 10
85 8
85 8
85 8
85 8
85 7
90 9
90 8
90 9
90 8
90 8
95 7
95 12
95 8
95 9
95 8
100 9
100 11
100 9
100 11
100 8
