5 4
5 2
5 2
5 2
5 2
10 4
10 3
10 4
10 6
10 6
15 6
15 5
15 5
15 5
15 4
20 7
20 4
20 5
20 5
20 5
25 6
25 6
25 5
25 5
25 7
30 6
30 5
30 6
30 5
30 7
35 6
35 7
35 7
35 6
35 7
40 5
40 6
40 7
40 6
40 7
45 7
45 6
45 7
45 8
45 8
50 7
50 7
50 5
50 8
50 6
55 6
55 9
55 8
55 5
55 7
60 6
60 5
60 6
60 5
60 6
65 6
65 6
65 7
65 6
65 6
70 6
70 6
70 6
70 6
70 6
75 6
75 7
75 8
75 6
75 7
80 6
80 7
80 7
80 8
80 6
85 7
85 7
85 6
85 5
85 7
90 6
90 9
90 7
90 7
90 7
95 6
95 8
95 6
95 7
95 8
100 6
100 8
100 7
100 5
100 6
