5 3
5 2
5 2
5 2
5 2
10 4
10 4
10 4
10 4
10 3
15 5
15 5
15 6
15 6
15 6
20 7
20 7
20 7
20 5
20 5
25 7
25 8
25 7
25 7
25 6
30 7
30 6
30 8
30 7
30 8
35 7
35 6
35 7
35 10
35 8
40 5
40 6
40 6
40 6
40 7
45 7
45 6
45 7
45 8
45 5
50 7
50 9
50 8
50 6
50 6
55 7
55 9
55 6
55 7
55 7
60 7
60 8
60 9
60 10
60 8
65 8
65 8
65 6
65 8
65 6
70 7
70 7
70 6
70 7
70 6
75 7
75 7
75 6
75 8
75 8
80 8
80 6
80 7
80 6
80 8
85 6
85 8
85 7
85 7
85 8
90 8
90 6
90 6
90 7
90 7
95 6
95 8
95 7
95 6
95 6
100 8
100 6
100 8
100 9
100 7
