5 2
5 2
5 2
5 2
5 3
10 4
10 4
10 4
10 6
10 5
15 4
15 6
15 5
15 4
15 5
20 4
20 5
20 5
20 5
20 5
25 5
25 5
25 5
25 5
25 4
30 5
30 4
30 5
30 5
30 5
35 5
35 5
35 6
35 4
35 6
40 7
40 5
40 5
40 5
40 7
45 6
45 6
45 5
45 7
45 5
50 7
50 5
50 6
50 6
50 7
55 5
55 6
55 5
55 4
55 5
60 5
60 7
60 5
60 6
60 5
65 5
65 6
65 5
65 5
65 5
70 5
70 5
70 10
70 6
70 4
75 6
75 5
75 5
75 6
75 6
80 5
80 6
80 5
80 5
80 5
85 6
85 5
85 6
85 5
85 6
90 6
90 7
90 6
90 7
90 6
95 5
95 6
95 6
95 6
95 7
100 6
100 6
100 5
100 5
100 6
