5 2
5 2
5 3
5 2
5 2
10 4
10 4
10 5
10 7
10 5
15 6
15 5
15 5
15 5
15 5
20 4
20 5
20 4
20 5
20 4
25 6
25 5
25 5
25 6
25 5
30 5
30 5
30 6
30 6
30 5
35 6
35 7
35 5
35 5
35 6
40 7
40 6
40 7
40 7
40 4
45 6
45 5
45 6
45 8
45 6
50 5
50 8
50 5
50 7
50 6
55 6
55 7
55 6
55 7
55 7
60 5
60 7
60 5
60 7
60 7
65 6
65 7
65 5
65 6
65 5
70 6
70 6
70 6
70 6
70 6
75 8
75 7
75 6
75 6
75 5
80 7
80 6
80 6
80 6
80 6
85 7
85 6
85 7
85 6
85 6
90 5
90 5
90 5
90 7
90 5
95 7
95 6
95 5
95 6
95 5
100 6
100 8
100 7
100 5
100 7
