5 3
5 3
5 2
5 3
5 3
10 4
10 4
10 4
10 3
10 4
15 5
15 4
15 4
15 5
15 5
20 5
20 5
20 4
20 4
20 4
25 5
25 4
25 4
25 5
25 5
30 4
30 5
30 6
30 6
30 6
35 5
35 5
35 5
35 4
35 4
40 4
40 5
40 4
40 6
40 5
45 6
45 6
45 4
45 5
45 5
50 4
50 4
50 5
50 5
50 5
55 5
55 6
55 5
55 7
55 5
60 5
60 5
60 4
60 7
60 7
65 5
65 4
65 6
65 7
65 6
70 5
70 5
70 5
70 5
70 5
75 5
75 4
75 5
75 6
75 8
80 5
80 4
80 6
80 6
80 5
85 7
85 5
85 5
85 6
85 7
90 6
90 5
90 5
90 5
90 5
95 5
95 6
95 5
95 6
95 6
100 6
100 4
100 5
100 5
100 6
