5 2
5 4
5 3
5 3
5 2
10 3
10 3
10 5
10 3
10 3
15 4
15 4
15 3
15 5
15 5
20 4
20 4
20 4
20 4
20 4
25 4
25 4
25 4
25 5
25 5
30 4
30 5
30 5
30 4
30 4
35 4
35 6
35 5
35 4
35 4
40 4
40 4
40 6
40 5
40 4
45 4
45 5
45 4
45 6
45 4
50 4
50 6
50 5
50 4
50 4
55 6
55 6
55 4
55 6
55 4
60 4
60 6
60 5
60 4
60 5
65 5
65 5
65 5
65 5
65 5
70 5
70 6
70 5
70 5
70 4
75 6
75 5
75 5
75 5
75 4
80 5
80 4
80 6
80 5
80 5
85 6
85 5
85 6
85 7
85 5
90 5
90 5
90 5
90 5
90 4
95 5
95 5
95 5
95 5
95 7
100 4
100 4
100 5
100 4
100 5
