5 3
5 3
5 3
5 2
5 3
10 3
10 4
10 3
10 4
10 3
15 5
15 4
15 3
15 4
15 4
20 5
20 4
20 4
20 4
20 5
25 4
25 4
25 5
25 5
25 3
30 4
30 4
30 4
30 4
30 4
35 4
35 3
35 4
35 5
35 4
40 4
40 4
40 4
40 5
40 5
45 4
45 4
45 6
45 4
45 5
50 5
50 4
50 5
50 4
50 4
55 4
55 4
55 5
55 4
55 5
60 4
60 4
60 5
60 4
60 5
65 4
65 5
65 5
65 5
65 5
70 5
70 6
70 4
70 5
70 4
75 7
75 5
75 5
75 6
75 4
80 5
80 5
80 6
80 6
80 6
85 5
85 4
85 4
85 4
85 4
90 5
90 6
90 4
90 6
90 5
95 5
95 5
95 5
95 4
95 6
100 5
100 5
100 5
100 5
100 5
