5 3
5 3
5 2
5 3
5 2
10 5
10 3
10 3
10 3
10 3
15 3
15 3
15 3
15 3
15 3
20 3
20 3
20 3
20 4
20 4
25 4
25 5
25 4
25 4
25 3
30 3
30 4
30 5
30 3
30 3
35 3
35 5
35 3
35 4
35 4
40 5
40 5
40 4
40 4
40 4
45 4
45 5
45 5
45 5
45 4
50 4
50 5
50 4
50 4
50 3
55 5
55 4
55 4
55 4
55 5
60 5
60 5
60 4
60 4
60 4
65 5
65 5
65 4
65 5
65 5
70 5
70 4
70 4
70 5
70 5
75 6
75 4
75 4
75 4
75 5
80 4
80 4
80 6
80 5
80 5
85 4
85 5
85 4
85 4
85 4
90 5
90 4
90 4
90 5
90 5
95 4
95 4
95 4
95 5
95 5
100 4
100 5
100 4
100 4
100 5
