5 3
5 2
5 3
5 3
5 2
10 4
10 3
10 3
10 3
10 2
15 3
15 4
15 3
15 4
15 3
20 3
20 3
20 4
20 3
20 4
25 4
25 3
25 4
25 3
25 3
30 5
30 4
30 4
30 5
30 3
35 4
35 4
35 4
35 5
35 4
40 3
40 4
40 4
40 4
40 3
45 4
45 5
45 4
45 5
45 4
50 4
50 4
50 4
50 4
50 4
55 5
55 4
55 4
55 5
55 4
60 4
60 4
60 4
60 4
60 4
65 4
65 4
65 5
65 4
65 4
70 4
70 4
70 4
70 5
70 4
75 4
75 4
75 4
75 4
75 5
80 4
80 4
80 4
80 4
80 4
85 4
85 4
85 4
85 5
85 4
90 6
90 4
90 4
90 4
90 4
95 4
95 4
95 4
95 4
95 4
100 4
100 4
100 4
100 4
100 5
