5 2
5 2
5 2
5 2
5 2
10 2
10 2
10 2
10 2
10 2
15 3
15 3
15 3
15 3
15 3
20 3
20 3
20 3
20 3
20 3
25 3
25 2
25 3
25 3
25 3
30 2
30 3
30 3
30 3
30 3
35 3
35 3
35 3
35 3
35 3
40 3
40 3
40 3
40 3
40 3
45 3
45 2
45 3
45 3
45 3
50 4
50 2
50 3
50 3
50 3
55 3
55 3
55 3
55 3
55 3
60 3
60 3
60 3
60 3
60 3
65 3
65 3
65 3
65 3
65 3
70 3
70 3
70 3
70 3
70 3
75 3
75 3
75 3
75 3
75 3
80 4
80 3
80 3
80 3
80 3
85 4
85 3
85 4
85 3
85 3
90 3
90 3
90 3
90 3
90 3
95 3
95 3
95 3
95 4
95 4
100 3
100 3
100 3
100 3
100 3
