5 2
5 1
5 2
5 3
5 2
10 2
10 2
10 3
10 3
10 2
15 3
15 2
15 2
15 2
15 3
20 3
20 3
20 2
20 3
20 3
25 3
25 4
25 3
25 3
25 3
30 3
30 3
30 3
30 3
30 4
35 3
35 3
35 4
35 4
35 3
40 4
40 3
40 3
40 3
40 3
45 3
45 3
45 3
45 3
45 3
50 3
50 3
50 4
50 3
50 3
55 4
55 3
55 3
55 3
55 3
60 3
60 3
60 4
60 3
60 4
65 3
65 3
65 3
65 4
65 3
70 3
70 3
70 4
70 3
70 3
75 3
75 4
75 4
75 4
75 3
80 3
80 4
80 3
80 3
80 3
85 3
85 3
85 3
85 3
85 3
90 4
90 3
90 4
90 3
90 3
95 3
95 4
95 3
95 3
95 3
100 3
100 3
100 4
100 3
100 4
