5 1
5 2
5 2
5 2
5 2
10 2
10 2
10 2
10 1
10 2
15 2
15 2
15 2
15 2
15 2
20 2
20 2
20 2
20 3
20 2
25 2
25 2
25 2
25 2
25 2
30 2
30 3
30 2
30 2
30 2
35 2
35 2
35 2
35 2
35 2
40 2
40 2
40 2
40 2
40 3
45 2
45 2
45 2
45 2
45 2
50 2
50 3
50 2
50 2
50 3
55 3
55 2
55 3
55 2
55 2
60 3
60 2
60 2
60 2
60 2
65 2
65 3
65 2
65 2
65 2
70 2
70 2
70 2
70 2
70 3
75 2
75 2
75 3
75 3
75 2
80 3
80 3
80 3
80 3
80 3
85 3
85 3
85 3
85 3
85 2
90 2
90 2
90 3
90 2
90 3
95 3
95 3
95 2
95 2
95 3
100 2
100 3
100 3
100 2
100 2
